((("trsurf" .
   [1 0 0 0 0 0])
  ("sp" .
   [1 0])
  ("din2_d1" .
   [1 0 0 0 0 0 0])
  ("din1_d2" .
   [1 0 0 0 0 0 0])
  ("din1_d1" .
   [1 0 0 0 0 0 0])
  ("his" .
   [2 0 0])
  ("tsstatus011" .
   [2 0 0 0 0 0 0 0 0 0 0])
  ("tsstatus101" .
   [2 0 0 0 0 0 0 0 0 0 0])
  ("tstrigger1" .
   [2 0 0 0 0 0 0 0 0 0])
  ("tsclearstop1" .
   [2 0 0 0 0 0 0 0 0 0 0 0])
  ("tsclearstart1" .
   [2 0 0 0 0 0 0 0 0 0 0 0 0])
  ("buffid" .
   [1 0 0 0 0 0])
  ("point" .
   [3 0 0 0 0])
  ("shmptr_dec" .
   [2 0 0 0 0 0 0 0 0 0])
  ("shmfd_dec" .
   [3 0 0 0 0 0 0 0 0])
  ("tempN" .
   [0 0 1 0 0])
  ("val" .
   [1 0 0])
  ("gateadc" .
   [2 0 0 0 0 0 0])
  ("triggerB" .
   [3 0 0 0 0 0 0 0])
  ("dettrigA" .
   [1 0 0 0 0 0 0 0])
  ("scaler" .
   [2 0 0 0 0 0])
  ("triggerA" .
   [4 0 0 0 0 0 0 0])
  ("generate" .
   [0 0 0 0 0 2 0 0])
  ("B1" .
   [1 0])
  ("B0" .
   [2 0])
  ("A1" .
   [3 0])
  ("A0" .
   [5 0])
  ("loopregs" .
   [1 0 0 0 0 0 0 0])
  ("A" .
   [7])
  ("trigger" .
   [8 0 0 0 0 0 0])
  ("h2019_1207" .
   [1 0 0 0 0 0 0 0 0 0])
  ("hdtmulti" .
   [0 0 0 0 0 0 0 1])
  ("gpulsemulti" .
   [0 0 0 0 0 0 0 0 3 0 0])
  ("LLL" .
   [3 0 0])
  ("ii" .
   [7 0])
  ("nbin" .
   [1 0 0 0])
  ("jj" .
   [10 0])
  ("NNN" .
   [14 0 0])
  ("rawwavemulti" .
   [0 0 0 0 0 1 0 0 0 0 1 1])
  ("tempc" .
   [2 0 0 0 0])
  ("tsinc" .
   [1 0 0 0 0])
  ("gtsinc" .
   [0 0 0 0 0 2])
  ("sinc" .
   [1 0 0 0])
  ("offlineth1i14" .
   [8 0 0 0 0 0 0 0 0 0 0 0 0])
  ("slope" .
   [2 0 0 0 0])
  ("doublefastfilter14" .
   [12 0 0 0 0 0 0 0 0 0 0 0 0 0 0 0 0 0])
  ("RcdTrace14" .
   [10 0 0 0 0 0 0 0 0 0])
  ("flagdrawstop14" .
   [3 0 0 0 0 0 0 0 0 0 0 0 0 0])
  ("chanNumber14" .
   [14 0 0 0 0 0 0 0 0 0 0 0])
  ("OFFLINECHNUM14" .
   [3 0 0 0 0 0 0 0 0 0 0 0 0 0])
  ("offlinechnum14" .
   [13 0 0 0 0 0 0 0 0 0 0 0 0 0])
  ("OFFLINEDRAW14" .
   [2 0 0 0 0 0 0 0 0 0 0 0 0])
  ("OfflineDrawButton14" .
   [6 0 0 0 0 0 0 0 0 0 0 0 0 0 0 0 0 0 0])
  ("printtextinfor14" .
   [6 0 0 0 0 0 0 0 0 0 0 0 0 0 0 0])
  ("OfflineStopButton14" .
   [5 0 0 0 0 0 0 0 0 0 0 0 0 0 0 0 0 0 0])
  ("OFFLINESTOPDRAW14" .
   [2 0 0 0 0 0 0 0 0 0 0 0 0 0 0 0 0])
  ("canvas14" .
   [4 0 0 0 0 0 0 0])
  ("Tab14" .
   [2 0 0 0 0])
  ("tempindexstart" .
   [2 0 0 0 0 0 0 0 0 0 0 0 0 0])
  ("tempindexpeak" .
   [1 0 0 0 0 0 0 0 0 0 0 0 0])
  ("RcdTrace" .
   [1 0 0 0 0 0 0 0])
  ("trace" .
   [1 0 0 0 0])
  ("cfda12" .
   [1 0 0 0 0 0])
  ("cfddt12" .
   [1 0 0 0 0 0 0])
  ("cfddt" .
   [2 0 0 0 0])
  ("cfdb" .
   [1 0 0 0])
  ("cfda" .
   [5 0 0 0])
  ("tphase" .
   [0 0 0 0 0 2])
  ("cfddis12" .
   [2 0 0 0 0 0 0 0])
  ("TGNumberEntry" .
   [2 0 0 0 0 0 0 0 0 0 0 0 0])
  ("temp" .
   [1 0 0 0])
  ("descripter" .
   [1 0 0 0 0 0 0 0 0 0])
  ("buff1" .
   [1 0 0 0 0])
  ("readevent" .
   [1 0 0 0 0 0 0 0 0])
  ("buff" .
   [12 0 0 0])
  ("qdc" .
   [2 0 0])
  ("expired" .
   [1 0 0 0 0 0 0])
  ("running" .
   [1 0 0 0 0 0 0])
  ("periodic" .
   [1 0 0 0 0 0 0 0])
  ("target" .
   [2 0 0 0 0 0])
  ("stop" .
   [3 0 0 0])
  ("STOP" .
   [1 0 0 0])
  ("start" .
   [3 0 0 0 0])
  ("START" .
   [1 0 0 0 0])
  ("sr" .
   [3 0])
  ("CFD" .
   [1 0 0])
  ("CFDS" .
   [1 0 0 0])
  ("TS" .
   [1 0])
  ("DTS" .
   [1 0 0])
  ("cfdft" .
   [1 0 0 0 0])
  ("outofr" .
   [1 0 0 0 0 0])
  ("pileup" .
   [2 0 0 0 0 0])
  ("PILEUP" .
   [1 0 0 0 0 0])
  ("tsinit" .
   [2 0 0 0 0 0])
  ("tsflag" .
   [2 0 0 0 0 0])
  ("gate" .
   [6 0 0 0])
  ("docs/" .
   [1 0 0 0 0])
  ("-rf" .
   [1 0 0])
  ("chanNumber12" .
   [13 0 0 0 0 0 0 0 0 0 0 0])
  ("OFFLINECHNUM12" .
   [3 0 0 0 0 0 0 0 0 0 0 0 0 0])
  ("offlinechnum12" .
   [9 0 0 0 0 0 0 0 0 0 0 0 0 0])
  ("OFFLINEDRAW12" .
   [2 0 0 0 0 0 0 0 0 0 0 0 0])
  ("OfflineDrawButton12" .
   [7 0 0 0 0 0 0 0 0 0 0 0 0 0 0 0 0 0 0])
  ("printtextinfor12" .
   [10 0 0 0 0 0 0 0 0 0 0 0 0 0 0 0])
  ("canvas12" .
   [7 0 0 0 0 0 0 0])
  ("Tab12" .
   [1 0 0 0 0])
  ("E" .
   [1])
  ("doublecfd" .
   [1 0 0 0 0 0 0 0 0])
  ("cfddata" .
   [1 0 0 0 0 0 0])
  ("doublecfds" .
   [29 0 0 0 0 0 0 0 0 0])
  ("SetOnlineFlag" .
   [1 0 0 0 0 0 0 0 0 0 0 0 0])
  ("mod" .
   [7 0 0])
  ("wucppstring2number" .
   [0 0 0 0 0 1 0 0 0 0 0 0 0 0 0 0 0 0])
  ("For" .
   [1 0 0])
  ("channels" .
   [1 0 0 0 0 0 0 0])
  ("numvtrig" .
   [1 0 0 0 0 0 0 0])
  ("ta5fall" .
   [1 0 0 0 0 0 0])
  ("ta5rise" .
   [1 0 0 0 0 0 0])
  ("ta5b" .
   [1 0 0 0])
  ("lemo" .
   [1 0 0 0])
  ("downscale" .
   [0 0 0 0 0 1 0 0 0])
  ("delay" .
   [5 0 0 0 0])
  ("../docs/" .
   [0 0 1 1 0 1 0 0])
  ("clean" .
   [2 0 0 0 0])
  ("sign_1b_1" .
   [1 0 0 0 0 0 0 0 0])
  ("sign_2b_0" .
   [1 0 0 0 0 0 0 0 0])
  ("sign_1b_0" .
   [2 0 0 0 0 0 0 0 0])
  ("front" .
   [1 0 0 0 0])
  ("Add" .
   [2 0 0])
  ("TMultiGraph" .
   [0 0 0 1 0 0 0 0 0 0 0])
  ("y2" .
   [2 0])
  ("counter" .
   [1 0 0 0 0 0 1])
  ("yyy2" .
   [2 0 0 0])
  ("yyy1" .
   [2 0 0 0])
  ("yy2" .
   [5 0 0])
  ("yy1" .
   [7 0 0])
  ("y1" .
   [1 0])
  ("pip3" .
   [4 0 0 0])
  ("graphviz-devel.x86_64" .
   [1 0 0 0 0 0 0 0 0 0 0 0 0 0 0 0 0 0 0 0 0])
  ("Long64_t" .
   [0 1 1 1 0 0 0 0])
  ("DetEnergy" .
   [1 0 0 0 0 0 0 0 0])
  ("DetTS" .
   [2 0 0 0 0])
  ("nhitoneevent" .
   [1 0 0 0 0 0 0 0 0 0 0 0])
  ("tmp" .
   [5 0 0])
  ("kLHintsExpandX" .
   [1 0 0 0 0 0 0 0 0 0 0 0 0 0])
  ("label11" .
   [1 0 0 0 0 0 0])
  ("v11" .
   [4 0 0])
  ("nevent" .
   [0 0 0 1 0 1])
  ("T250_cfds" .
   [1 0 0 0 0 0 0 0 0])
  ("cfds" .
   [7 0 0 0])
  ("la1cfds" .
   [2 0 0 0 0 0 0])
  ("cb" .
   [9 0])
  ("ts" .
   [6 0])
  ("cadt" .
   [1 0 0 0])
  ("sid" .
   [4 0 0])
  ("cfd" .
   [16 0 0])
  ("Short_t" .
   [0 0 0 2 0 0 1])
  ("caliMainFrame" .
   [1 0 0 3 2 0 0 0 0 0 0 0 1])
  ("wurootTTree" .
   [0 0 0 0 0 0 0 0 3 0 0])
  ("epb" .
   [3 0 0])
  ("epf" .
   [3 0 0])
  ("esi" .
   [3 0 0])
  ("eventdata" .
   [1 0 0 0 0 0 0 0 0])
  ("bz" .
   [2 0])
  ("EB_Dataena" .
   [1 0 0 0 0 0 0 0 0 0])
  ("TriggerAllena" .
   [1 0 0 0 0 0 0 0 0 0 0 0 0])
  ("FrontIO_Cena" .
   [1 0 0 0 0 0 0 0 0 0 0 0])
  ("FrontIO_Bena" .
   [1 0 0 0 0 0 0 0 0 0 0 0])
  ("assign" .
   [0 0 0 1 0 2])
  ("cca" .
   [1 0 0])
  ("rca" .
   [3 0 0])
  ("ic" .
   [6 0])
  ("ca" .
   [2 0])
  ("ggmatrix2" .
   [0 0 0 1 1 0 0 0 0])
  ("xmin" .
   [1 0 0 0])
  ("Y" .
   [2])
  ("fitsnr5" .
   [1 0 0 0 0 0 0])
  ("fitsnr4" .
   [1 0 0 0 0 0 0])
  ("fitsnr3" .
   [1 0 0 0 0 0 0])
  ("fitsnr2" .
   [1 0 0 0 0 0 0])
  ("fitsnr1" .
   [1 0 0 0 0 0 0])
  ("ndf" .
   [1 0 0])
  ("langaufit3" .
   [1 0 0 0 0 0 0 0 0 0])
  ("SetNpx" .
   [0 0 0 0 1 0])
  ("fitsnr" .
   [1 0 0 0 0 0])
  ("sv" .
   [1 0])
  ("frame" .
   [2 0 0 0 0])
  ("al40" .
   [1 0 0 0])
  ("Stop" .
   [3 0 0 0])
  ("Start" .
   [1 0 0 0 0])
  ("Read_DGTZ_Register_725_730_DPP_PSD_Revision05" .
   [1 0 0 0 0 0 0 0 0 0 0 0 0 0 0 0 0 0 0 0 0 0 0 0 0 0 0 0 0 0 0 0 0 0 0 0 0 0 0 0 0 0 0 0 0])
  ("ct" .
   [5 0])
  ("cm_angle" .
   [1 0 0 0 0 0 0 0])
  ("np_elastic" .
   [1 0 0 0 0 0 0 0 0 0])
  ("VT3" .
   [3 0 0])
  ("VT2" .
   [3 0 0])
  ("VT1" .
   [3 0 0])
  ("FT3" .
   [4 0 0])
  ("FT2" .
   [4 0 0])
  ("FT1" .
   [4 0 0])
  ("FT0n" .
   [1 0 0 0])
  ("FT0p" .
   [1 0 0 0])
  ("FT0" .
   [2 0 0])
  ("OB" .
   [1 0])
  ("M5" .
   [1 0])
  ("M4" .
   [2 0])
  ("M3" .
   [1 0])
  ("M2" .
   [2 0])
  ("M7" .
   [2 0])
  ("M6" .
   [3 0])
  ("M1" .
   [1 0])
  ("M0" .
   [2 0])
  ("OUT" .
   [2 0 0])
  ("IN" .
   [1 0])
  ("hbhit" .
   [1 0 0 0 0])
  ("d0e" .
   [1 0 0])
  ("loop" .
   [1 0 0 0])
  ("wurootTDirectory" .
   [0 0 0 0 0 0 0 0 1 0 0 0 0 0 0 0])
  ("cosangle012" .
   [1 0 0 0 0 0 0 0 0 0 0])
  ("cosangle212" .
   [2 0 0 0 0 0 0 0 0 0 0])
  ("cosangle010" .
   [3 0 0 0 0 0 0 0 1 0 0])
  ("v2" .
   [3 0])
  ("v1" .
   [3 0])
  ("v0" .
   [4 0])
  ("um" .
   [3 0])
  ("readfile2" .
   [5 0 0 0 0 0 0 0 0])
  ("readfile1" .
   [5 0 0 0 0 0 0 0 0])
  ("TH2F" .
   [2 0 0 0])
  ("TH1F" .
   [8 0 0 0])
  ("zInitPrimary" .
   [2 0 0 0 0 0 0 0 0 0 0 0])
  ("tempz" .
   [0 0 0 2 0])
  ("tempy" .
   [2 0 1 1 0])
  ("tempx" .
   [1 0 0 2 0])
  ("GetRand" .
   [0 0 0 0 0 0 1])
  ("hxy" .
   [2 0 0])
  ("hz" .
   [2 0])
  ("TH2" .
   [3 0 0])
  ("c++" .
   [1 0 0])
  ("dout" .
   [7 0 0 0])
  ("clk" .
   [6 0 0])
  ("wumodule" .
   [0 0 0 1 1 0 0 0])
  ("always" .
   [0 0 1 0 0 0])
  ("when" .
   [1 0 0 0])
  ("Wu" .
   [0 6])
  ("push_back" .
   [0 0 1 0 1 0 0 0 0])
  ("wurootincludedraw" .
   [0 0 0 0 0 0 0 2 0 0 0 0 0 0 0 0 0])
  ("post" .
   [2 0 0 0])
  ("pre" .
   [3 0 0])
  ("crep" .
   [0 0 0 2])
  ("PName" .
   [0 0 2 0 0])
  ("theApp" .
   [1 0 0 0 0 0])
  ("track" .
   [1 0 0 0 0])
  ("condition" .
   [2 0 0 0 0 0 0 0 0])
  ("wuStepMax" .
   [0 0 0 0 3 0 0 0 0])
  ("wuclass" .
   [0 0 0 0 1 0 0])
  ("option" .
   [1 0 0 0 0 0])
  ("evte" .
   [3 0 0 0])
  ("b_evte" .
   [1 0 0 0 0 0])
  ("User" .
   [2 0 0 0])
  ("G4RotationMatrix" .
   [0 0 0 0 2 0 0 0 0 0 0 0 0 0 0 0])
  ("checkOverlaps" .
   [0 0 0 1 0 0 0 0 0 0 0 0 0])
  ("logicWorld" .
   [0 0 1 0 0 0 0 0 0 0])
  ("G4ThreeVector" .
   [0 0 0 1 0 0 0 0 0 0 0 0 0])
  ("tempname" .
   [0 0 0 1 0 1 0 1])
  ("rotateY" .
   [1 0 0 0 0 0 0])
  ("rot" .
   [1 0 0])
  ("rotateZ" .
   [1 0 0 0 0 0 0])
  ("physClover" .
   [1 0 0 0 0 0 0 0 0 0])
  ("solidClover" .
   [1 0 0 0 0 0 0 0 0 0 0])
  ("logicClover" .
   [2 0 0 0 0 0 0 0 0 0 0])
  ("p" .
   [3])
  ("solidDSSD" .
   [1 0 0 0 0 0 0 0 0])
  ("ss3" .
   [1 0 0])
  ("ss2" .
   [1 0 0])
  ("集中在0" .
   [2 0 0 0])
  ("Pi" .
   [1 0])
  ("ACos" .
   [1 0 1 0])
  ("hangle" .
   [0 0 0 3 0 0])
  ("iostream" .
   [1 0 0 0 0 0 0 0])
  ("SDname" .
   [1 0 1 0 0 0])
  ("18" .
   [1 0])
  ("alldetectorh" .
   [1 0 0 0 0 0 0 0 0 0 0 0])
  ("cm" .
   [6 0])
  ("phys" .
   [1 0 0 0])
  ("solid" .
   [2 0 0 0 0])
  ("3000" .
   [2 0 0 0])
  ("datask" .
   [1 0 1 0 0 2])
  ("doubledatawave" .
   [0 0 0 1 0 0 0 0 0 0 0 0 0 0])
  ("off" .
   [1 0 0])
  ("13" .
   [2 0])
  ("hh" .
   [5 0])
  ("hgaus" .
   [0 0 0 1 0])
  ("hhight" .
   [0 0 0 1 0 0])
  ("continue" .
   [0 0 0 1 0 1 0 4])
  ("30" .
   [3 0])
  ("datagaus" .
   [0 0 0 0 0 3 1 0])
  ("65536" .
   [2 0 0 0 0])
  ("kGreen" .
   [1 0 0 0 0 0])
  ("kBlue" .
   [1 0 0 0 0])
  ("SetParameters" .
   [0 0 0 1 0 0 0 0 0 0 0 0 0])
  ("ff" .
   [7 0])
  ("t2" .
   [1 0])
  ("bin" .
   [1 0 0])
  ("Si" .
   [2 0])
  ("nodede" .
   [2 0 0 0 0 0])
  ("de" .
   [3 0])
  ("nodedssd3" .
   [1 0 0 0 0 0 0 0 0])
  ("nodedssd2" .
   [1 0 0 0 0 0 0 0 0])
  ("dssd3" .
   [1 0 0 0 0])
  ("dssd2" .
   [1 0 0 0 0])
  ("nodeinit" .
   [1 0 0 0 0 0 0 0])
  ("TNode" .
   [0 0 0 1 0])
  ("640" .
   [1 0 0])
  ("TBRIK" .
   [0 0 0 1 0])
  ("(const char *fmt, ...)" .
   [0 0 0 0 0 0 0 0 0 0 0 0 0 0 0 0 1 0 0 0 0 0])
  ("Form" .
   [0 0 0 1])
  ("(" .
   [2])
  ("dssdz" .
   [1 0 0 0 0])
  ("dssdxy" .
   [1 0 0 0 0 0])
  ("view" .
   [3 0 0 0])
  ("aa" .
   [5 0])
  ("class" .
   [10 0 4 1 1])
  ("bb" .
   [3 0])
  ("virtualtest" .
   [1 0 0 0 1 0 0 0 0 0 0])
  ("classa" .
   [3 0 0 0 0 0])
  ("virtual" .
   [0 0 0 0 1 0 0])
  ("classb" .
   [4 0 0 0 0 1])
  ("alias" .
   [2 0 0 0 0])
  ("0x2357" .
   [1 0 0 0 0 0])
  ("nfound" .
   [0 0 1 1 0 0])
  ("QSD" .
   [1 0 0])
  ("qsd" .
   [1 0 0])
  ("d" .
   [18])
  ("DSSD" .
   [1 0 0 0])
  ("dssd" .
   [1 0 0 0])
  ("DSSD_NUM" .
   [0 0 0 0 1 0 0 0])
  ("Print" .
   [1 0 0 0 0])
  ("ipt" .
   [1 0 0])
  ("tds" .
   [1 0 0])
  ("trs" .
   [1 0 0])
  ("len" .
   [5 0 0])
  ("fff" .
   [2 0 0])
  ("hesuiter" .
   [0 0 0 0 0 1 1 0])
  ("shuxingiter" .
   [0 0 0 0 0 0 0 0 0 2 0])
  ("urlhesu" .
   [0 0 0 0 0 1 0])
  ("login_headers" .
   [0 0 0 1 0 0 0 0 0 0 0 0 0])
  ("urlshuxing" .
   [0 0 0 1 0 0 0 0 0 0])
  ("shuxinglist" .
   [0 0 0 0 0 0 1 0 2 0 0])
  ("in" .
   [16 0])
  ("hesulist" .
   [1 0 0 1 0 3 0 0])
  ("cookie" .
   [1 0 0 0 0 0])
  ("read" .
   [7 0 0 0])
  ("web" .
   [4 0 0])
  ("print" .
   [6 0 0 0 0])
  ("argv" .
   [3 0 0 0])
  ("ip" .
   [1 0])
  ("jmax" .
   [1 0 0 0])
  ("Ei" .
   [4 0])
  ("nBlock" .
   [0 0 0 0 1 0])
  ("dummy" .
   [0 0 0 1 0])
  ("iMF" .
   [1 0 0])
  ("iMT" .
   [1 0 0])
  ("1105" .
   [2 0 0 0])
  ("be" .
   [1 0])
  ("exit" .
   [4 0 0 0])
  ("/" .
   [1])
  ("echo" .
   [5 0 0 0])
  ("hits4" .
   [9 0 0 0 0])
  ("hits3" .
   [9 0 0 0 0])
  ("delay2" .
   [1 0 1 1 0 0])
  ("delay1" .
   [1 0 0 1 1 0])
  ("datadata" .
   [3 0 0 0 0 0 0 0])
  ("40000" .
   [1 0 0 0 0])
  ("gate2" .
   [4 0 0 0 0])
  ("gate1" .
   [4 0 0 0 0])
  ("winl" .
   [3 0 0 0])
  ("countbaseline" .
   [1 0 0 1 1 1 0 0 0 0 0 0 1])
  ("baselinepoint" .
   [0 0 1 1 1 0 0 0 0 0 0 0 0])
  ("ch" .
   [20 0])
  ("anach" .
   [2 0 0 0 0])
  ("TH2I" .
   [14 0 0 0])
  ("wins" .
   [4 0 0 0])
  ("a" .
   [13])
  ("L" .
   [10])
  ("128" .
   [2 0 0])
  ("fftw_plan_dft_r2c" .
   [1 0 0 0 0 0 0 0 0 0 0 0 0 0 0 0 0])
  ("Uniform" .
   [0 0 1 0 0 0 0])
  ("14159" .
   [3 0 0 0 0])
  ("cos" .
   [2 0 1])
  ("256" .
   [3 0 0])
  ("Fs" .
   [4 0])
  ("totaltimetemp" .
   [0 0 0 0 1 0 0 0 0 0 0 0 0])
  ("../Analysis/" .
   [0 0 0 0 2 0 0 0 0 0 0 0])
  ("9" .
   [1])
  ("7" .
   [5])
  ("pur" .
   [1 0 0])
  ("format2" .
   [1 0 0 0 0 0 0])
  ("extras2" .
   [1 0 0 0 0 0 0])
  ("det3" .
   [1 0 0 0])
  ("det2" .
   [2 0 0 0])
  ("det1" .
   [1 0 0 0])
  ("det0" .
   [1 0 0 0])
  ("case" .
   [4 0 0 1])
  ("switch" .
   [1 0 0 1 1 0])
  ("hit0" .
   [3 0 0 0])
  ("hit" .
   [4 0 0])
  ("hit3" .
   [4 0 0 0])
  ("hit2" .
   [4 0 0 0])
  ("hit1" .
   [4 0 0 0])
  ("detname" .
   [0 0 0 0 1 0 0])
  ("Det" .
   [1 0 0])
  ("35" .
   [3 0])
  ("mm" .
   [24 0])
  ("140" .
   [1 0 0])
  ("260" .
   [1 0 0])
  ("zPost" .
   [2 0 0 0 0])
  ("(Double_t d)" .
   [0 2 0 0 0 0 0 0 0 0 0 0])
  ("Abs" .
   [5 0 0])
  ("/dev/null" .
   [1 0 0 0 0 0 1 0 0])
  ("/dev/" .
   [0 0 0 0 1])
  ("wucppwritetxt" .
   [0 0 0 0 0 1 3 0 1 0 0 0 0])
  ("EntryGamma" .
   [2 0 0 0 0 0 0 0 0 0])
  ("EntryNeutron" .
   [0 0 0 0 0 0 0 0 0 0 0 1])
  ("FissionEvent" .
   [0 0 0 0 1 0 0 0 0 0 0 0])
  ("AreaTarget" .
   [0 0 3 1 0 0 0 0 0 0])
  ("ENBin" .
   [0 0 1 0 0])
  ("180" .
   [4 0 0])
  ("900" .
   [2 0 0])
  ("Double_t" .
   [1 2 3 8 0 0 7 6])
  ("Int_t" .
   [0 0 1 1 1])
  ("../../DataLi/" .
   [0 0 0 0 0 0 1 0 0 0 0 0 0])
  ("CountEntry" .
   [1 0 1 0 0 0 0 0 0 0])
  ("m" .
   [14])
  ("stringtemp1" .
   [0 0 0 1 0 0 0 1 0 0 0])
  ("output" .
   [0 0 0 0 0 2])
  ("stringtemp2" .
   [0 0 0 1 1 0 0 0 0 0 0])
  ("ss" .
   [9 0])
  ("concretebox56" .
   [2 0 0 0 0 0 0 0 0 0 0 0 0])
  ("concretebox34" .
   [2 0 0 0 0 0 0 0 0 0 0 0 0])
  ("concrete_mat" .
   [0 0 0 1 0 0 0 0 0 0 0 0])
  ("concretebox12" .
   [0 0 0 1 0 0 0 0 0 0 0 0 0])
  ("concretec" .
   [2 0 0 0 1 0 2 0 0])
  ("concreteab" .
   [2 0 0 1 1 0 1 0 0 0])
  ("G4Box" .
   [2 0 0 0 0])
  ("G4double" .
   [0 0 0 4 0 4 0 5])
  ("GetMaterial" .
   [0 0 0 0 0 0 0 0 0 0 1])
  ("G4Material" .
   [0 0 0 1 1 0 0 0 0 0])
  ("s" .
   [14])
  ("string" .
   [3 0 0 0 0 3])
  ("str" .
   [2 0 0])
  ("16" .
   [10 0])
  ("lt" .
   [1 0])
  ("SlowGap" .
   [1 0 0 0 0 0 0])
  ("fastfilter" .
   [0 0 0 0 0 1 0 0 0 0])
  ("GetSlowFilter" .
   [0 0 0 0 0 0 0 0 0 1 0 0 0])
  ("slowfilter" .
   [0 0 0 0 1 1 0 0 0 0])
  ("break" .
   [7 0 0 0 0])
  ("TotalEntry" .
   [0 0 2 0 0 0 0 0 0 1])
  ("wavedata" .
   [0 0 1 0 0 0 0 0])
  ("CountPoint" .
   [0 0 1 0 0 0 0 0 0 0])
  ("65535" .
   [1 0 0 0 0])
  ("循环处理到这里结束" .
   [1 0 0 0 0 0 0 0 0])
  ("3" .
   [65])
  ("()" .
   [0 7])
  ("Atoi" .
   [2 1 1 0])
  ("TString" .
   [18 1 2 0 2 1 2])
  ("cd" .
   [37 0])
  ("c1" .
   [36 0])
  ("16384" .
   [2 0 0 0 0])
  ("size" .
   [4 0 0 1])
  ("filter" .
   [2 0 0 0 0 0])
  ("TH2D" .
   [8 0 0 0])
  ("argc" .
   [10 0 0 0])
  ("12" .
   [4 0])
  ("320" .
   [1 0 0])
  ("sg" .
   [2 0])
  ("5000" .
   [2 0 0 0])
  ("2000" .
   [14 0 0 0])
  ("25" .
   [1 0])
  ("SlowRange" .
   [0 0 0 1 0 0 0 0 0])
  ("pow" .
   [1 0 0])
  ("range" .
   [1 0 0 0 0])
  ("120" .
   [1 0 0])
  ("240" .
   [1 0 0])
  ("500" .
   [10 0 0])
  ("return" .
   [0 0 0 4 19 8])
  ("y" .
   [66])
  ("Threshold" .
   [0 1 0 0 0 0 0 0 0])
  ("printf" .
   [6 0 0 0 0 3])
  ("here" .
   [4 1 0 0])
  ("ret" .
   [2 0 0])
  ("DT5730" .
   [0 0 3 1 0 0])
  ("temp2" .
   [10 0 1 0 0])
  ("temp1" .
   [8 0 1 2 2])
  ("4992" .
   [4 0 0 0])
  ("dt" .
   [3 0])
  ("wucppreadtxt" .
   [0 0 0 0 0 0 6 0 1 0 0 0])
  ("r2root" .
   [1 0 1 0 0 0])
  ("TDCADD" .
   [3 0 0 0 0 0])
  ("({#Double_t mean{#, Double_t sigma#}#})" .
   [0 1 0 0 0 0 0 0 0 0 0 0 0 0 0 0 0 0 0 0 0 0 0 0 0 0 0 0 0 0 0 0 0 0 0 0 0 0 0])
  ("Gaus" .
   [1 0 1 0])
  ("gRandom" .
   [1 0 2 1 1 0 0])
  ("N" .
   [34])
  ("wucppinclude" .
   [0 0 0 0 1 0 6 0 0 0 0 0])
  ("wucppargcargv" .
   [0 0 0 0 0 0 1 1 0 0 0 0 0])
  ("wurootTRint" .
   [0 0 0 0 0 2 4 0 0 0 0])
  ("main" .
   [1 0 14 3])
  ("DelTDC" .
   [0 0 0 1 0 0])
  ("tdc2" .
   [2 0 0 0])
  ("tdc1" .
   [2 0 0 0])
  ("200" .
   [16 0 0])
  ("1000" .
   [19 0 0 0])
  ("100" .
   [24 0 0])
  ("(const char *title)" .
   [0 1 0 0 0 0 0 0 0 0 0 0 0 0 0 0 0 0 0])
  ("SetTitle" .
   [1 0 0 0 0 1 0 0])
  ("5" .
   [43])
  ("82" .
   [2 0])
  ("80" .
   [2 0])
  ("wurootTLegend" .
   [0 0 0 0 0 0 0 1 3 0 0 0 0])
  ("(Color_t lcolor)" .
   [0 0 0 0 0 0 0 0 0 0 0 0 0 0 0 2])
  ("SetLineColor" .
   [0 0 0 1 0 1 0 1 0 0 0 0])
  ("wurootTCanvas" .
   [0 0 0 0 0 0 2 1 4 0 0 0 0])
  ("else" .
   [30 0 1 0])
  ("Draw" .
   [33 0 0 0])
  ("filename" .
   [3 0 0 0 0 0 0 0])
  ("sprintf" .
   [3 0 0 0 0 0 0])
  ("char" .
   [10 0 0 0])
  ("TH1D" .
   [37 0 0 0])
  ("TFile" .
   [1 0 0 0 2])
  ("draw" .
   [1 0 0 0])
  ("wurootinclude" .
   [0 0 0 0 1 1 0 9 1 0 0 0 0])
  ("15" .
   [5 0])
  ("20" .
   [17 0])
  ("./123" .
   [0 0 0 0 1])
  ("h2" .
   [5 0])
  ("h1" .
   [6 0])
  ("h" .
   [45])
  ("TH1" .
   [10 0 0])
  ("real" .
   [1 0 0 1])
  ("wurootTFile" .
   [0 0 0 0 0 0 7 2 7 0 0])
  ("01" .
   [1 0])
  ("y_min" .
   [1 0 0 0 0])
  ("i" .
   [375])
  ("if" .
   [100 2])
  ("tempdouble" .
   [0 0 0 0 1 3 0 0 0 0])
  ("0" .
   [325])
  ("(Double_t x{#, TSpline *spline{#, Option_t *option#}#})" .
   [0 0 0 0 0 0 0 0 0 0 0 1 0 0 0 0 0 0 0 0 0 0 0 0 0 0 0 0 0 0 0 0 0 0 0 0 0 0 0 0 0 0 0 0 0 0 0 0 0 0 0 0 0 0 0])
  ("Eval" .
   [0 0 0 2])
  ("Interpolation" .
   [0 0 1 0 0 1 0 0 0 0 0 0 0])
  ("106" .
   [1 0 0])
  ("double" .
   [64 0 0 3 6 13])
  ("delete" .
   [2 0 0 5 0 6])
  ("g2" .
   [6 0])
  ("g1" .
   [7 0])
  ("flagii" .
   [2 0 0 0 1 0])
  ("data" .
   [68 0 2 0])
  ("xxx" .
   [1 0 0])
  ("(Int_t i, Double_t x, Double_t y)" .
   [0 0 0 0 0 0 0 0 0 0 0 0 0 0 0 0 0 0 0 0 0 0 0 0 0 0 0 0 0 0 0 0 1])
  ("SetPoint" .
   [1 0 0 0 2 1 0 4])
  ("22" .
   [2 0])
  ("for" .
   [10 0 43])
  ("TGraph" .
   [9 0 1 5 3 9])
  ("new" .
   [53 0 0])
  ("AutomaticSearch" .
   [0 0 1 0 0 0 0 0 0 0 0 0 0 0 1])
  ("void" .
   [27 0 0 1])
  ("SetBit_32" .
   [1 0 0 0 0 0 0 0 0])
  ("SetBit_16" .
   [1 0 0 0 0 0 0 0 0])
  ("fenge" .
   [0 0 76 2 0])
  ("number" .
   [1 0 0 0 0 0])
  ("int" .
   [74 0 0])
  ("SelectLinesStyle" .
   [0 0 0 1 0 0 0 0 0 0 0 0 0 0 0 0])
  ("S" .
   [2])
  ("1" .
   [246])
  ("include" .
   [1 0 0 7 1 0 0])
  ("inc" .
   [88 0 3])
  ("std" .
   [191 0 0])
  ("abs" .
   [3 0 0])
  ("T" .
   [9])
  ("BETA2_bin" .
   [0 0 0 0 1 0 0 0 0])
  ("2048" .
   [1 0 0 0])
  ("c_str" .
   [2 0 0 0 0])
  ("EDep" .
   [6 0 2 0])
  ("6" .
   [21])
  ("cout" .
   [85 1 0 0])
  ("2" .
   [162])
  ("Time" .
   [7 0 0 0])
  ("flag" .
   [13 0 0 0])
  ("mark" .
   [5 0 0 0])
  ("he" .
   [9 0])
  ("4" .
   [25])
  ("Fill" .
   [33 0 0 1])
  ("10" .
   [38 1])
  ("sqrt" .
   [2 0 1 0])
  ("(double __x)" .
   [0 2 0 0 0 0 0 0 0 0 0 2])
  ("600" .
   [1 0 0])
  ("tempdis" .
   [2 0 0 0 0 2 0])
  ("endl" .
   [92 0 0 1])
  ("PosShortX" .
   [2 0 0 0 0 0 0 0 0])
  ("Write" .
   [3 0 1 2 2])
  ("shijianlisan" .
   [1 0 0 0 0 0 0 0 0 0 0 0])
  ("f4" .
   [1 0])
  ("f3" .
   [2 0])
  ("f2" .
   [7 0])
  ("f1" .
   [5 0])
  ("55" .
   [1 0])
  ("62" .
   [1 0])
  ("LegName" .
   [0 0 1 1 0 0 1])
  ("leftnopmt" .
   [2 0 0 0 0 0 2 0 0])
  ("50" .
   [12 0])
  ("55459" .
   [0 0 1 0 0])
  ("left__1" .
   [0 0 0 1 0 0 0])
  ("left" .
   [4 0 2 1])
  ("40" .
   [3 0])
  ("MainFrame" .
   [0 0 0 1 0 1 0 0 0])
  ("while" .
   [2 1 1 0 0])
  ("fH0" .
   [1 0 0])
  ("wurootTGCheckButton" .
   [0 0 0 0 0 0 0 0 0 1 0 0 0 0 0 0 0 0 0])
  ("wuspace" .
   [0 0 0 1 0 0 0])
  ("wurootTGVerticalFrame" .
   [0 0 0 0 0 0 0 0 0 1 0 0 0 0 0 0 0 0 0 0 0])
  ("source" .
   [1 0 0 0 0 0])
  ("/opt/test/" .
   [0 0 0 0 0 0 1 0 0 0])
  ("cp" .
   [3 0])
  ("-y" .
   [10 0])
  ("wget" .
   [3 0 0 0])
  ("b_dt" .
   [1 0 0 0])
  ("entry" .
   [5 0 0 0 7])
  ("wurootTBenchmark" .
   [0 0 0 0 0 0 1 0 1 0 0 0 0 0 0 0])
  ("bsum0" .
   [1 0 0 1 0])
  ("baseline" .
   [0 0 0 0 1 0 0 0])
  ("400" .
   [2 0 0])
  ("energy" .
   [1 0 0 0 3 0])
  ("majorNumber" .
   [0 0 0 0 0 1 0 0 0 0 0])
  ("Divide" .
   [1 0 1 0 1 0])
  ("8" .
   [10])
  ("sizeSphereR" .
   [0 0 0 0 0 1 0 0 0 0 0])
  ("sizetargetZ" .
   [0 0 0 0 0 1 0 0 0 0 0])
  ("Steel" .
   [1 0 0 0 0])
  ("sizesteelX" .
   [0 0 0 0 0 1 0 0 0 0])
  ("sizesteelY" .
   [0 0 0 0 0 0 0 1 0 0])
  ("sizesteelZ" .
   [0 0 1 0 0 1 0 0 0 0])
  ("kTRUE" .
   [0 0 3 0 1])
  ("W" .
   [2])
  ("103" .
   [1 0 0])
  ("nnnnnn" .
   [1 0 0 0 0 0])
  ("test" .
   [3 0 0 0])
  ("Rndm" .
   [1 0 0 0])
  ("Number" .
   [0 0 0 1 0 0])
  ("thetadeg" .
   [0 0 0 0 1 0 0 1])
  ("r" .
   [7])
  ("thetacos" .
   [1 0 0 1 0 0 0 0])
  ("TMath" .
   [15 0 0 3 2])
  ("Cos" .
   [1 0 0])
  ("(Double_t x)" .
   [0 0 0 0 0 0 0 0 0 0 0 2])
  ("../../DataDLiWall/" .
   [0 0 0 0 0 0 1 0 0 0 0 0 0 0 0 0 0 0])
  ("file" .
   [15 0 0 2])
  ("default" .
   [0 0 1 0 1 0 1])
  ("kFALSE" .
   [0 1 2 0 0 0])
  ("ID" .
   [7 0])
  ("private" .
   [0 0 1 3 1 0 3])
  ("neutronid" .
   [0 0 0 1 0 0 0 0 0])
  ("false" .
   [9 0 0 1 1])
  ("listtree" .
   [2 0 0 0 0 0 0 0])
  ("fH5" .
   [3 0 0])
  ("AddFrame" .
   [0 0 0 1 0 0 0 0])
  ("Event" .
   [1 0 0 0 2])
  ("G4cout" .
   [2 0 0 0 1 2])
  ("TrackID" .
   [1 0 0 0 0 0 0])
  ("G4endl" .
   [0 0 0 0 4 0])
  ("true" .
   [8 0 0 0])
  ("event" .
   [2 0 0 0 0])
  ("Info" .
   [1 0 0 0])
  ("scin" .
   [4 0 0 0])
  ("wucppwritetxtbinary" .
   [0 0 0 0 0 0 1 0 0 0 0 0 0 0 0 0 0 0 0])
  ("write" .
   [1 0 0 0 0])
  ("ParName" .
   [0 0 1 1 0 0 0])
  ("1024" .
   [11 0 0 0])
  ("counttest" .
   [0 0 0 0 1 0 1 0 4])
  ("result" .
   [4 0 0 0 2 0])
  ("resulttemp" .
   [2 0 0 0 0 0 0 0 0 0])
  ("outa" .
   [4 0 0 0])
  ("outb" .
   [5 0 0 0])
  ("outatemp" .
   [2 0 0 0 0 0 0 0])
  ("outbtemp" .
   [2 0 0 0 0 0 0 0])
  ("out" .
   [11 0 0])
  ("outtemp" .
   [2 0 0 0 0 0 0])
  ("1281" .
   [4 0 0 0])
  ("sin" .
   [1 0 0])
  ("gg" .
   [21 0])
  ("gx" .
   [2 0])
  ("gy" .
   [2 0])
  ("TCanvas" .
   [1 0 2 1 1 0 2])
  ("signalb_ext" .
   [2 0 0 0 0 0 0 0 0 0 0])
  ("N2" .
   [7 0])
  ("j" .
   [64])
  ("sum" .
   [3 0 0])
  ("testdata" .
   [0 0 0 1 0 1 0 0])
  ("1000000" .
   [5 0 0 0 0 0 0])
  ("k" .
   [25])
  ("fG12I0" .
   [3 0 0 0 0 0])
  ("fG13R0" .
   [3 0 0 0 0 0])
  ("fG13I0" .
   [3 0 0 0 0 0])
  ("fG12ABS0" .
   [2 0 0 0 0 0 0 0])
  ("fG13ABS0" .
   [2 0 0 0 0 0 0 0])
  ("fftw_plan" .
   [1 0 0 0 0 0 0 0 0])
  ("outc" .
   [3 0 0 0])
  ("memset" .
   [2 0 0 0 0 0])
  ("pa" .
   [1 0])
  ("x" .
   [48])
  ("px" .
   [5 0])
  ("blockr11" .
   [3 0 0 0 0 0 0 0])
  ("blockr22" .
   [2 0 0 0 0 0 0 0])
  ("blockr01" .
   [2 0 0 0 0 0 0 0])
  ("blockr12" .
   [2 0 0 0 0 0 0 0])
  ("blockr02" .
   [2 0 0 0 0 0 0 0])
  ("g00" .
   [1 0 0])
  ("SetBinContent" .
   [0 0 0 0 0 0 1 0 0 0 0 0 0])
  ("g11" .
   [1 0 0])
  ("g22" .
   [1 0 0])
  ("g01" .
   [1 0 0])
  ("g02" .
   [1 0 0])
  ("g12" .
   [1 0 0])
  ("Scale" .
   [1 0 1 1 0])
  ("xx" .
   [7 0])
  ("yy" .
   [51 0])
  ("ggg" .
   [2 0 0])
  ("ltra" .
   [1 0 0 1])
  ("map" .
   [1 0 0])
  ("in1" .
   [2 0 0])
  ("it1" .
   [4 0 0])
  ("in2" .
   [2 0 0])
  ("it2" .
   [4 0 0])
  ("first" .
   [2 0 0 0 0])
  ("second" .
   [1 0 0 0 0 0])
  ("结构" .
   [1 0])
  ("outresult" .
   [0 0 0 0 0 10 0 0 0])
  ("unsigned" .
   [0 0 0 4 1 0 0 8])
  ("z" .
   [8])
  ("nist" .
   [10 0 0 0])
  ("O" .
   [1])
  ("Mg" .
   [1 0])
  ("Al" .
   [1 0])
  ("26" .
   [1 0])
  ("28" .
   [1 0])
  ("HEU58" .
   [4 0 0 0 0])
  ("material" .
   [2 0 0 0 0 0 0 0])
  ("U5" .
   [1 0])
  ("U8" .
   [1 0])
  ("HEU4568" .
   [1 0 0 0 0 0 0])
  ("matHEU4568" .
   [1 0 0 0 0 0 0 0 0 0])
  ("matHEU58" .
   [1 0 0 0 0 0 0 0])
  ("NULL" .
   [34 0 0 0])
  ("SetHalfY" .
   [2 0 0 0 0 0 0 0])
  ("SetHalfZ" .
   [1 0 0 0 0 0 0 0])
  ("fissionEvent" .
   [0 0 0 0 1 0 0 0 0 0 0 0])
  ("SponFissSource" .
   [0 0 0 0 1 0 0 0 0 0 0 0 0 0])
  ("nPrompt" .
   [0 0 0 0 1 0 0])
  ("gPrompt" .
   [0 0 0 1 0 0 0])
  ("TH1I" .
   [34 0 0 0])
  ("EventID" .
   [0 1 4 0 0 0 1])
  ("C" .
   [3])
  ("MomentumDirectionNeutron" .
   [0 0 0 0 0 0 0 0 0 0 0 0 0 0 0 0 0 2 7 0 0 0 0 0])
  ("MomentumDirectionGamma" .
   [0 0 0 0 0 0 0 0 0 0 0 0 0 0 0 0 0 0 3 0 0 0])
  ("CountN" .
   [2 0 0 0 0 0])
  ("CountG" .
   [1 0 0 0 0 0])
  ("37" .
   [1 0])
  ("sizeUR" .
   [3 0 0 0 0 0])
  ("rotation" .
   [1 0 0 0 0 0 0 0])
  ("twopi" .
   [2 0 0 0 0])
  ("roty" .
   [2 0 0 0])
  ("LightGray" .
   [1 0 0 0 0 0 0 0 0])
  ("logicDet2" .
   [3 0 0 0 0 0 0 0 0])
  ("logicDetShell2" .
   [3 0 0 0 0 0 0 0 0 0 0 0 0 0])
  ("solidDetShell2" .
   [1 0 0 0 0 0 0 0 0 0 0 0 0 0])
  ("transform2" .
   [1 0 0 0 0 0 0 0 0 0])
  ("solidDet2" .
   [1 0 0 0 0 0 0 0 0])
  ("physDet2" .
   [1 0 0 0 0 0 0 0])
  ("solidDetShell3" .
   [1 0 0 0 0 0 0 0 0 0 0 0 0 0])
  ("transform3" .
   [1 0 0 0 0 0 0 0 0 0])
  ("logicDetShell3" .
   [3 0 0 0 0 0 0 0 0 0 0 0 0 0])
  ("solidDet3" .
   [1 0 0 0 0 0 0 0 0])
  ("logicDet3" .
   [3 0 0 0 0 0 0 0 0])
  ("physDet3" .
   [1 0 0 0 0 0 0 0])
  ("solidDetShell4" .
   [1 0 0 0 0 0 0 0 0 0 0 0 0 0])
  ("transform4" .
   [1 0 0 0 0 0 0 0 0 0])
  ("logicDetShell4" .
   [3 0 0 0 0 0 0 0 0 0 0 0 0 0])
  ("logicDet4" .
   [3 0 0 0 0 0 0 0 0])
  ("solidDet4" .
   [1 0 0 0 0 0 0 0 0])
  ("physDet4" .
   [1 0 0 0 0 0 0 0])
  ("G4String" .
   [2 0 0 1 0 0 0 0])
  ("tempchar" .
   [1 0 0 1 0 0 1 0])
  ("(char *restrict __s, const char *restrict __format, ...)" .
   [0 0 0 0 0 0 0 0 0 0 0 0 0 0 0 0 0 0 0 0 0 0 0 0 0 0 0 0 0 0 0 0 0 0 0 0 0 0 0 0 0 0 0 0 0 0 0 0 0 0 1 0 0 0 0 0])
  ("GetProcessID" .
   [0 0 0 0 0 0 1 0 0 0 0 0])
  ("wucppassert" .
   [0 0 0 0 0 0 1 0 0 0 0])
  ("assert" .
   [0 0 0 1 0 1])
  ("using" .
   [0 0 4 0 0])
  ("wucppfloat" .
   [0 0 0 0 1 0 1 0 0 0])
  ("vhdl-mode" .
   [0 0 0 0 1 0 0 0 0])
  ("readtxt" .
   [1 0 0 1 0 0 0])
  ("readdata" .
   [0 0 0 0 1 0 0 0])
  ("pkudaqpkudaq" .
   [1 0 0 0 0 0 0 0 0 0 0 0])
  ("123456" .
   [1 0 0 0 0 0])
  ("name" .
   [10 0 0 0])
  ("pkudaq" .
   [1 0 0 0 0 0])
  ("shell" .
   [1 0 0 0 0])
  ("g++" .
   [1 0 0])
  ("rm" .
   [5 0])
  ("fileo" .
   [1 0 0 0 0])
  ("build" .
   [1 0 0 0 0])
  (".." .
   [1 0])
  ("tofde" .
   [4 0 0 1 0])
  ("tdc" .
   [4 0 0])
  ("adc" .
   [6 0 0])
  ("TCutG" .
   [0 0 0 1 1])
  ("p1" .
   [11 0])
  ("p2" .
   [10 0])
  ("p3" .
   [10 0])
  ("sdc" .
   [1 0 0])
  ("time" .
   [2 0 0 0])
  ("4000" .
   [2 0 0 0])
  ("IsInside" .
   [1 0 0 0 0 0 0 0])
  ("mg20" .
   [1 0 0 0])
  ("flag1x" .
   [5 0 0 0 0 0])
  ("flag1y" .
   [4 0 0 0 0 0])
  ("flag2x" .
   [1 0 0 0 0 0])
  ("flag2y" .
   [2 0 0 0 0 0])
  ("GetEntry" .
   [0 0 0 0 0 0 0 2])
  ("tempflag" .
   [0 0 0 1 0 0 1 0])
  ("countmg20" .
   [0 0 0 0 1 1 1 0 0])
  ("586" .
   [1 0 0])
  ("top" .
   [2 0 0])
  ("th2poly" .
   [0 0 0 1 0 0 0])
  ("cailbration" .
   [0 0 0 0 4 0 0 0 0 0 0])
  ("maxf" .
   [2 0 0 0])
  ("max_ch_b" .
   [7 0 0 0 0 0 0 0])
  ("maxb" .
   [1 0 0 0])
  ("rootfilename" .
   [2 0 0 0 0 0 1 0 1 0 0 0])
  ("bool" .
   [5 0 0 0])
  ("verbose" .
   [1 0 0 0 0 0 0])
  ("fb" .
   [3 0])
  ("Get" .
   [13 0 0])
  ("ref" .
   [3 0 0])
  ("Data" .
   [15 0 0 0])
  ("gxy" .
   [6 0 0])
  ("SimpleCail" .
   [0 0 1 0 0 0 0 0 0 0])
  ("define" .
   [0 0 0 0 2 0])
  ("par0" .
   [7 0 0 0])
  ("rxy" .
   [2 0 0])
  ("par1" .
   [8 0 1 0])
  ("err1" .
   [7 0 0 0])
  ("err0" .
   [7 0 0 0])
  ("TF1" .
   [8 0 0])
  ("fxy" .
   [3 0 0])
  ("her" .
   [2 0 0])
  ("Format" .
   [9 0 0 0 0 0])
  ("GetN" .
   [3 0 0 0])
  ("par" .
   [17 0 0])
  ("email" .
   [0 0 0 1 0])
  ("rh" .
   [2 0])
  ("Value" .
   [1 0 0 0 0])
  ("fhxy" .
   [5 0 0 0])
  ("hhxy" .
   [1 0 0 0])
  ("hw" .
   [1 0])
  ("writetxt" .
   [0 0 0 0 1 0 0 0])
  ("n" .
   [13])
  ("FitPixel" .
   [0 0 1 0 1 0 0 4])
  ("prob" .
   [1 0 0 0])
  ("cc" .
   [10 0])
  ("11" .
   [5 0])
  ("pointn" .
   [0 0 1 2 1 0])
  ("inline" .
   [3 0 0 1 1 0])
  ("GetParError" .
   [0 0 0 1 0 0 0 0 0 0 0])
  ("GetParameter" .
   [0 0 0 0 0 0 1 0 0 0 0 0])
  ("public" .
   [0 0 1 2 0 0])
  ("protected" .
   [0 0 0 2 0 0 0 0 1])
  ("rob" .
   [6 0 0])
  ("robust" .
   [0 0 0 0 1 1])
  ("FitFirst" .
   [0 0 0 0 1 0 0 0])
  ("Fit" .
   [3 0 0])
  ("orig" .
   [8 0 0 0])
  ("b" .
   [6])
  ("const" .
   [4 0 0 0 0])
  ("SetName" .
   [2 0 0 0 0 1 0])
  ("nameofsave" .
   [0 0 0 0 0 0 1 0 0 0])
  ("h2_y_er" .
   [2 0 1 1 0 0 0])
  ("h1_er" .
   [1 0 0 2 1])
  ("thre" .
   [2 0 0 0])
  ("right" .
   [2 0 0 3 1])
  ("h1_er_mean" .
   [0 0 0 0 1 0 0 0 0 0])
  ("h1_er_sigma" .
   [0 0 0 0 0 0 0 1 0 0 1])
  ("将正面归一到背面参考条" .
   [1 0 0 0 0 0 0 0 0 0 0])
  ("fitpixel" .
   [0 0 0 0 0 2 0 0])
  ("Update" .
   [2 0 0 0 0 0])
  ("filewrite" .
   [0 0 0 1 0 2 0 0 0])
  ("8000" .
   [8 0 0 0])
  ("kk" .
   [7 0])
  ("hhh" .
   [4 0 0])
  ("gPad" .
   [1 0 0 0])
  ("ccc" .
   [1 0 0])
  ("sd" .
   [1 0])
  ("cail1" .
   [1 0 0 0 0])
  ("outputname" .
   [2 0 0 0 0 0 0 0 0 0])
  ("将背面归一到正面参考条" .
   [1 0 0 0 0 0 0 0 0 0 0])
  ("f" .
   [6])
  ("CH_MAX" .
   [0 0 1 1 0 0])
  ("max_ch_f" .
   [1 0 0 1 0 0 0 0])
  ("tempint" .
   [1 0 0 0 0 0 0])
  ("par2b" .
   [15 0 0 0 0])
  ("par2f" .
   [13 0 0 0 1])
  ("fx" .
   [3 0])
  ("fy" .
   [2 0])
  ("bx" .
   [3 0])
  ("by" .
   [4 0])
  ("hxyb" .
   [1 0 0 0])
  ("hf" .
   [1 0])
  ("hb" .
   [1 0])
  ("tree" .
   [2 0 0 0])
  ("TChain" .
   [0 0 0 1 0 0])
  ("run" .
   [1 0 0])
  ("run1" .
   [3 0 0 0])
  ("run2" .
   [3 0 0 0])
  ("cail" .
   [2 0 0 0])
  ("wuParticleIon" .
   [0 0 0 5 0 0 0 0 0 0 0 0 0])
  ("t" .
   [9])
  ("theta" .
   [1 0 0 0 0])
  ("Sqrt" .
   [3 0 0 0])
  ("count" .
   [3 0 0 0 0])
  ("144" .
   [5 0 0])
  ("169" .
   [2 0 0])
  ("eventid" .
   [0 0 1 0 0 1 0])
  ("counteff" .
   [1 0 0 0 0 0 0 0])
  ("14" .
   [3 0])
  ("pp" .
   [4 0])
  ("mag" .
   [1 0 0])
  ("cosphi" .
   [1 0 0 0 0 0])
  ("rel" .
   [2 0 0])
  ("X" .
   [4])
  ("True" .
   [1 0 0 0])
  ("-f" .
   [1 0])
  (".tar.gz" .
   [1 0 0 0 0 0 0])
  ("-r" .
   [1 0])
  ("gitbook" .
   [1 0 0 0 0 0 0])
  ("Tab10" .
   [1 0 0 0 0])
  ("canvas10" .
   [5 0 0 0 0 0 0 0])
  ("OfflineDrawButton10" .
   [7 0 0 0 0 0 0 0 0 0 0 0 0 0 0 0 0 0 0])
  ("OFFLINEDRAW10" .
   [2 0 0 0 0 0 0 0 0 0 0 0 0])
  ("offlinechnum10" .
   [6 0 0 0 0 0 0 0 0 0 0 0 0 0])
  ("chA" .
   [1 0 0])
  ("chB" .
   [1 0 0])
  ("printtextinfor10" .
   [8 0 0 0 0 0 0 0 0 0 0 0 0 0 0 0])
  ("choosedrawstyle10" .
   [6 0 0 0 0 0 0 0 0 0 0 0 0 0 0 0 0])
  ("10000" .
   [5 0 0 0 0])
  ("LabelChooseHistXbin" .
   [1 0 0 0 0 0 0 0 0 0 0 0 0 0 0 0 0 0 0])
  ("chanNumber10" .
   [12 0 0 0 0 0 0 0 0 0 0 0])
  ("OFFLINECHNUM8" .
   [1 0 0 0 0 0 0 0 0 0 0 0 0])
  ("chanNumber8" .
   [6 0 0 0 0 0 0 0 0 0 0])
  ("offlinechnum8" .
   [2 0 0 0 0 0 0 0 0 0 0 0 0])
  ("offlinechnum6" .
   [1 0 0 0 0 0 0 0 0 0 0 0 0])
  ("OFFLINECHNUM9" .
   [1 0 0 0 0 0 0 0 0 0 0 0 0])
  ("chanNumber9" .
   [6 0 0 0 0 0 0 0 0 0 0])
  ("offlinechnum9" .
   [2 0 0 0 0 0 0 0 0 0 0 0 0])
  ("OFFLINECHNUM10" .
   [1 0 0 0 0 0 0 0 0 0 0 0 0 0])
  ("offlinechnum" .
   [2 0 0 0 0 0 0 0 0 0 0 0])
  ("chanNumber" .
   [5 0 0 0 0 0 0 0 0 0])
  ("OFFLINECHNUM" .
   [1 0 0 0 0 0 0 0 0 0 0 0])
  ("offlinechnumA10" .
   [1 0 0 0 0 0 0 0 0 0 0 0 0 0 0])
  ("histxyminmax10" .
   [1 0 0 0 0 0 0 0 0 0 0 0 0 0])
  ("SetNumber" .
   [1 0 0 0 0 0 0 0 0])
  ("offlineth1i10" .
   [2 0 0 0 0 0 0 0 0 0 0 0 0])
  ("OfflineCurrentCountText10" .
   [3 0 0 0 0 0 0 0 0 0 0 0 0 0 0 0 0 0 0 0 0 0 0 0 0])
  ("32768" .
   [1 0 0 0 0])
  ("8192" .
   [1 0 0 0])
  ("deltaft" .
   [1 0 0 0 0 0 0])
  ("100000" .
   [1 0 0 0 0 0])
  ("once" .
   [0 0 4 0])
  ("UserClass" .
   [0 0 1 0 0 0 0 0 0])
  ("DataClass" .
   [0 0 1 0 0 0 0 0 0])
  ("G4UrbanMscModel" .
   [4 0 0 0 0 0 0 0 0 0 0 0 0 0 0])
  ("wurootTGraph" .
   [0 0 0 0 0 1 0 0 0 0 0 0])
  ("wurootincludemath" .
   [0 0 0 0 0 0 0 1 1 0 0 0 0 0 0 0 0])
  ("gg1" .
   [6 0 0])
  ("gg2" .
   [7 0 0])
  ("gg3" .
   [7 0 0])
  ("gg4" .
   [6 0 0])
  ("crrc1" .
   [6 0 0 0 0])
  ("Exp" .
   [0 0 1])
  ("tau" .
   [2 0 0])
  ("alpha" .
   [64 0 0 0 0])
  ("gausstau" .
   [1 0 0 0 0 0 0 0])
  ("crrc2" .
   [8 0 0 0 0])
  ("aT" .
   [10 0])
  ("max1" .
   [4 0 0 0])
  ("max2" .
   [4 0 0 0])
  ("1e308" .
   [3 0 0 0 0])
  ("max3" .
   [4 0 0 0])
  ("crrc3" .
   [9 0 0 0 0])
  ("max4" .
   [4 0 0 0])
  ("crrc4" .
   [10 0 0 0 0])
  ("24" .
   [4 0])
  ("3500" .
   [1 0 0 0])
  ("wuhongyi" .
   [3 0 0 0 0 0 0 0])
  ("header2" .
   [1 0 0 0 0 0 0])
  ("-" .
   [1])
  ("setq-default" .
   [0 0 0 0 2 0 0 0 0 0 0 0])
  ("wucppinclude.yasnippet" .
   [0 0 0 0 0 0 0 1 0 0 0 0 0 0 0 0 0 0 0 0 0 0])
  ("wuvhdlheader" .
   [0 0 1 0 0 0 0 0 0 0 0 0])
  ("fengexian" .
   [0 0 1 0 0 0 0 0 0])
  ("wuzuhe" .
   [0 0 1 0 1 0])
  ("wuzhuangtaiji" .
   [0 0 0 1 0 1 0 0 0 0 0 0 0])
  ("HEAD" .
   [4 0 0 0])
  ("PKT" .
   [3 0 0])
  ("DATA" .
   [5 0 0 0])
  ("LEN" .
   [4 0 0])
  ("FCS" .
   [3 0 0])
  ("din" .
   [11 0 0])
  ("end_cnt" .
   [1 0 0 0 0 0 0])
  ("wujishuqi" .
   [0 0 0 1 5 3 0 1 0])
  ("wushixu" .
   [0 0 0 1 2 0 0])
  ("dinff" .
   [2 0 0 0 1])
  ("wushixu2" .
   [0 0 0 1 0 5 1 0])
  ("dout_vld" .
   [0 0 0 1 0 0 0 0])
  ("pkt2data_start" .
   [0 0 0 0 1 0 0 0 0 0 0 0 0 0])
  ("wuzuhe3" .
   [0 0 0 1 0 0 0])
  ("wuzuhe4" .
   [0 0 0 2 0 0 0])
  ("state_c" .
   [0 0 1 0 0 0 0])
  ("uart_out" .
   [0 0 3 0 0 0 0 0])
  ("uart_in_vld" .
   [0 0 2 0 0 0 0 0 0 0 0])
  ("b0" .
   [11 0])
  ("opcode_vld" .
   [0 0 0 1 1 0 0 0 0 0])
  ("rd_uns_all_flag" .
   [0 0 1 0 0 0 3 0 0 0 0 0 0 0 0])
  ("begin" .
   [0 0 0 1 0])
  ("temp_uns_for_send" .
   [0 0 0 0 0 0 0 0 0 0 1 0 0 0 0 0 0])
  ("uart_out_vld" .
   [0 0 2 0 0 0 0 0 0 0 0 0])
  ("b1" .
   [8 0])
  ("RD_UNS_ALL_NUM" .
   [0 0 1 0 0 0 1 0 0 0 0 0 0 0])
  ("rd_uns_all_cnt" .
   [0 0 0 0 0 0 3 0 0 0 0 0 0 0])
  ("endcase" .
   [0 0 0 0 1 0 0])
  ("opcode_instr" .
   [0 0 0 2 0 0 0 0 0 0 0 0])
  ("OP_TEMP_CMP_L" .
   [0 0 1 0 0 0 0 0 0 0 0 0 0])
  ("OP_TEMP_CMP_H" .
   [0 0 1 0 0 0 0 0 0 0 0 0 0])
  ("ds_temp_lsb_reg" .
   [0 0 0 0 0 1 0 0 0 0 0 0 0 0 0])
  ("ds_temp_msb_reg" .
   [0 0 0 0 1 1 0 0 0 0 0 0 0 0 0])
  ("OP_RD_CMP_H" .
   [0 0 0 0 0 1 0 0 1 0 0])
  ("OP_RD_CMP_L" .
   [0 0 0 0 0 1 0 0 0 0 0])
  ("OP_RD_RDATA" .
   [0 0 0 0 0 1 0 0 0 0 0])
  ("ds_temp_rdata_reg" .
   [0 0 0 0 0 0 0 0 0 0 1 0 0 0 0 0 0])
  ("OP_RD_UNS_0" .
   [0 0 0 0 0 0 0 0 1 0 0])
  ("OP_RD_UNS_1" .
   [1 0 0 0 0 0 0 0 0 0 0])
  ("OP_RD_UNS_2" .
   [1 0 0 0 0 0 0 0 0 0 0])
  ("OP_RD_UNS_3" .
   [1 0 0 0 0 0 0 0 0 0 0])
  ("temp_uns" .
   [0 0 0 2 0 0 0 0])
  ("temp_uns_sign" .
   [0 0 1 0 0 0 0 1 0 0 0 0 0])
  ("cnt" .
   [1 0 0])
  ("OP_RD_UNS_ALL" .
   [0 0 0 0 0 1 0 0 0 0 0 0 0])
  ("wuzuhe2" .
   [0 0 0 2 0 0 0])
  ("temp_cmp_h" .
   [0 0 0 1 1 0 0 1 0 0])
  ("temp_hex_int" .
   [0 0 0 1 0 0 0 0 0 0 0 0])
  ("temp_cmp_l" .
   [10 0 0 0 0 0 0 0 0 0])
  ("beep" .
   [0 0 1 0])
  ("beep_en" .
   [0 0 0 0 2 0 0])
  ("temp_cmp_l_err" .
   [0 0 0 0 0 0 0 0 0 0 1 0 0 0])
  ("temp_cmp_h_err" .
   [0 0 0 0 0 0 0 0 1 0 0 0 0 0])
  ("process.cc" .
   [0 0 0 0 0 0 0 0 1 0])
  ("counts" .
   [0 0 0 0 0 1])
  ("angle" .
   [1 0 0 0 0])
  ("cosangle" .
   [0 0 0 0 1 0 0 0])
  ("g" .
   [4])
  ("over" .
   [3 0 0 0])
  ("dy" .
   [2 0])
  ("g0" .
   [3 0])
  ("clear" .
   [1 0 0 0 0])
  ("/dev/wuhongyi" .
   [2 0 0 0 0 0 0 0 0 0 0 0 0])
  ("M" .
   [1])
  ("sn" .
   [3 0])
  ("selch" .
   [8 0 0 0 0])
  ("Landau" .
   [1 0 1 0 0 0])
  ("dh" .
   [1 0])
  ("fitspec" .
   [1 0 0 0 0 0 0])
  ("startvalues" .
   [1 0 0 0 0 0 0 0 0 0 0])
  ("fit" .
   [1 0 0])
  ("langaufun2" .
   [1 0 0 0 0 0 0 0 0 0])
  ("sv2" .
   [7 0 0])
  ("fp2" .
   [1 0 0])
  ("fpe2" .
   [1 0 0 0])
  ("langaufit2" .
   [1 0 0 0 0 0 0 0 0 0])
  ("langaufun3" .
   [1 0 0 0 0 0 0 0 0 0])
  ("langaufun4" .
   [1 0 0 0 0 0 0 0 0 0])
  ("funwu" .
   [1 0 0 0 0])
  ("ffit" .
   [0 0 0 1])
  ("Erfc" .
   [1 0 0 0])
  ("downto" .
   [0 0 0 0 0 2])
  ("LED" .
   [2 0 0])
  ("fi" .
   [1 0])
  ("dynamic" .
   [0 0 0 0 0 0 1])
  ("py" .
   [6 0])
  ("uxmin" .
   [1 0 0 0 0])
  ("uxmax" .
   [1 0 0 0 0])
  ("pxmin" .
   [1 0 0 0 0])
  ("pxmax" .
   [1 0 0 0 0])
  ("select" .
   [1 0 0 0 0 0])
  ("static" .
   [0 0 0 0 0 1])
  ("pe" .
   [1 0])
  ("logicSi" .
   [1 0 0 0 0 0 0])
  ("solidSi40" .
   [3 0 0 0 0 0 0 0 0])
  ("solidSi304" .
   [3 0 0 0 0 0 0 0 0 0])
  ("solidSi142" .
   [2 0 0 0 0 0 0 0 0 0])
  ("logicSi142" .
   [4 0 0 0 0 0 0 0 0 0])
  ("logicSi40" .
   [4 0 0 0 0 0 0 0 0])
  ("logicSi304" .
   [4 0 0 0 0 0 0 0 0 0])
  ("physSi142" .
   [1 0 0 0 0 0 0 0 0])
  ("physSi40" .
   [1 0 0 0 0 0 0 0])
  ("physSi304" .
   [1 0 0 0 0 0 0 0 0])
  ("runnumber" .
   [4 0 0 0 0 0 0 0 1])
  ("Process" .
   [1 0 0 0 0 0 0])
  ("chflag" .
   [1 0 0 0 1 0])
  ("energyflag" .
   [0 0 0 0 1 0 0 0 0 1])
  ("Run" .
   [1 0 0])
  ("writemca" .
   [0 0 0 0 0 0 0 1])
  ("Hist" .
   [1 0 0 0])
  ("BC408" .
   [1 0 0 0 0])
  ("G4EmStandardPhysics_option4" .
   [1 0 0 0 0 0 0 0 0 0 0 0 0 0 0 0 0 0 0 0 0 0 0 0 0 0 0])
  ("wupython" .
   [0 0 0 4 0 0 0 0])
  ("hitdata" .
   [2 0 0 0 0 0 0])
  ("mhit" .
   [3 0 0 1])
  ("level" .
   [2 0 0 0 0])
  ("G4Proton" .
   [1 0 0 0 0 0 0 0])
  ("nlevel" .
   [1 0 0 0 0 0])
  ("chmin" .
   [1 0 0 0 0])
  ("chmax" .
   [1 0 0 0 0])
  ("counterrate2" .
   [3 0 0 0 0 0 0 0 0 0 0 0])
  ("counterrate3" .
   [3 0 0 0 0 0 0 0 0 0 0 0])
  ("counterrate4" .
   [3 0 0 0 0 0 0 0 0 0 0 0])
  ("yum" .
   [1 0 0])
  ("update" .
   [1 0 0 0 0 0])
  ("shm_id" .
   [0 0 0 1 0 0])
  ("w" .
   [3])
  ("row" .
   [7 0 0])
  ("backt1" .
   [1 0 0 0 0 0])
  ("backt2" .
   [2 0 0 0 0 0])
  ("backt3" .
   [2 0 0 0 0 0])
  ("value" .
   [1 0 0 0 0])
  ("sitcp" .
   [1 0 0 0 0])
  ("connect" .
   [1 0 0 0 0 0 0])
  ("吴鸿毅" .
   [0 1 0])
  ("html_static_path" .
   [0 0 0 0 0 0 1 0 0 0 0 0 0 0 0 0])
  ("make" .
   [4 0 0 0])
  ("sigma" .
   [2 0 0 0 0])
  ("../docs/*" .
   [0 0 0 1 0 0 0 0 1])
  ("wutestbench" .
   [0 0 0 1 0 0 0 0 0 0 0])
  ("testbench" .
   [0 0 0 0 1 0 0 0 0])
  ("frontbackor" .
   [2 0 0 0 0 0 0 0 0 0 0])
  ("sign_1b_3" .
   [3 0 0 0 0 0 0 0 0])
  ("sign_2b_3" .
   [2 0 0 0 0 0 0 0 0])
  ("sign_pos_3" .
   [4 0 0 0 0 0 0 0 0 0])
  ("h30" .
   [1 0 0])
  ("empty" .
   [1 0 0 0 0])
  ("full" .
   [1 0 0 0])
  ("delayoutput_tmp" .
   [1 0 0 0 0 0 0 0 0 0 0 0 0 0 0])
  ("widthoutput_tmp" .
   [1 0 0 0 0 0 0 0 0 0 0 0 0 0 0])
  ("add_flag" .
   [0 0 0 0 0 1 0 0])
  ("y4" .
   [1 0])
  ("y3" .
   [1 0])
  ("yy4" .
   [1 0 0])
  ("yy3" .
   [1 0 0])
  ("sql" .
   [1 0 0])
  ("mysql_select_db" .
   [1 0 0 0 0 0 0 0 0 0 0 0 0 0 0])
  ("mysql" .
   [1 0 0 0 0])
  ("GDDAQ" .
   [1 0 0 0 0])
  ("cfdscale" .
   [1 0 0 0 1 0 0 0])
  ("c" .
   [4])
  ("module" .
   [1 0 0 0 0 0])
  ("load" .
   [1 0 0 0])
  ("color" .
   [1 0 0 0 0])
  ("ok" .
   [1 0])
  ("en" .
   [2 0])
  ("sc" .
   [2 0])
  ("timemes" .
   [2 0 0 0 0 0 0])
  ("timediff" .
   [4 0 0 0 0 0 0 0])
  ("D" .
   [4])
  ("B" .
   [16])
  ("offset" .
   [3 0 0 0 0 0])
  ("Offsets" .
   [0 0 0 0 0 0 1])
  ("RcdTraceLength" .
   [0 0 2 0 0 1 0 0 0 0 0 0 0 0])
  ("fsum0" .
   [4 0 0 0 0])
  ("fsum1" .
   [4 0 0 0 0])
  ("fsum2" .
   [3 0 0 0 0])
  ("fsum3" .
   [3 0 0 0 0])
  ("ana" .
   [1 0 0])
  ("par3" .
   [2 0 0 0])
  ("hpulse" .
   [1 0 0 0 0 0])
  ("hcfd" .
   [1 0 0 0])
  ("gpulse" .
   [3 0 0 0 0 1])
  ("gcfd" .
   [5 0 0 0])
  ("cy2" .
   [2 0 0])
  ("tha0" .
   [2 0 0 0])
  ("rawwave" .
   [3 0 0 0 0 0 0])
  ("cfdwave" .
   [0 0 0 1 0 0 0])
  ("tsample" .
   [2 0 3 0 0 0 2])
  ("cy1" .
   [1 0 0])
  ("cyd" .
   [1 0 0])
  ("spline3" .
   [1 0 0 0 0 0 1])
  ("spline3_21a" .
   [1 0 0 0 0 0 0 0 0 0 0])
  ("TSpline3" .
   [0 0 0 1 0 0 0 0])
  ("spliney" .
   [4 0 0 0 0 0 0])
  ("tha21" .
   [4 0 0 0 0])
  ("thb21" .
   [3 0 0 0 0])
  ("spline3_21b" .
   [4 0 0 0 0 0 0 0 0 0 0])
  ("hdt21" .
   [2 0 0 0 0])
  ("tdelay" .
   [1 0 0 0 1 0])
  ("tha12" .
   [5 0 0 0 0])
  ("thb12" .
   [5 0 0 0 0])
  ("hdt12" .
   [2 0 0 0 0])
  ("shift" .
   [2 0 0 0 0])
  ("Tab13" .
   [2 0 0 0 0])
  ("canvas13" .
   [6 0 0 0 0 0 0 0])
  ("OFFLINEDRAW13" .
   [2 0 0 0 0 0 0 0 0 0 0 0 0])
  ("OfflineDrawButton13" .
   [6 0 0 0 0 0 0 0 0 0 0 0 0 0 0 0 0 0 0])
  ("offlinechnumB13" .
   [10 0 0 0 0 0 0 0 0 0 0 0 0 0 0])
  ("OFFLINECHNUMB13" .
   [3 0 0 0 0 0 0 0 0 0 0 0 0 0 0])
  ("OFFLINECHNUMA13" .
   [3 0 0 0 0 0 0 0 0 0 0 0 0 0 0])
  ("offlinechnumA13" .
   [10 0 0 0 0 0 0 0 0 0 0 0 0 0 0])
  ("printtextinfor13" .
   [8 0 0 0 0 0 0 0 0 0 0 0 0 0 0 0])
  ("histxminmax13" .
   [13 0 0 0 0 0 0 0 0 0 0 0 0])
  ("offlineenergylimit13" .
   [3 0 0 0 0 0 0 0 0 0 0 0 0 0 0 0 0 0 0 0])
  ("energylimitsab13" .
   [20 0 0 0 0 0 0 0 0 0 0 0 0 0 0 0])
  ("chanNumberA13" .
   [13 0 0 0 0 0 0 0 0 0 0 0 0])
  ("chanNumberB13" .
   [13 0 0 0 0 0 0 0 0 0 0 0 0])
  ("nn" .
   [3 0])
  ("legend" .
   [0 0 0 0 0 1])
  ("h44" .
   [8 0 0])
  ("cid" .
   [1 0 0])
  ("lhead" .
   [1 0 0 0 0])
  ("levt" .
   [1 0 0 0])
  ("ts0" .
   [10 0 0])
  ("ts1" .
   [6 0 0])
  ("adc0" .
   [2 0 0 0])
  ("adc1" .
   [2 0 0 0])
  ("eventheader0" .
   [6 0 0 0 0 0 0 0 0 0 0 0])
  ("wave0" .
   [2 0 0 0 0])
  ("eventheader1" .
   [6 0 0 0 0 0 0 0 0 0 0 0])
  ("wave1" .
   [2 0 0 0 0])
  ("a0" .
   [2 0])
  ("frac" .
   [7 0 0 0])
  ("signal" .
   [0 0 0 1 0 4])
  ("std_logic" .
   [0 0 0 0 0 0 0 0 10])
  ("entity" .
   [0 0 0 0 2 2])
  ("work" .
   [6 0 0 0])
  ("CLK" .
   [1 0 0])
  ("clk100" .
   [34 1 0 0 0 0])
  ("pll100" .
   [1 0 0 0 0 0])
  ("bit_to_std_logic" .
   [1 0 0 0 0 0 0 0 0 0 0 0 0 0 0 0])
  ("signalextend1024" .
   [0 0 0 1 0 0 0 0 0 0 0 0 0 0 0 0])
  ("gate1x90" .
   [1 0 0 0 0 0 0 0])
  ("reset" .
   [10 0 0 0 0])
  ("status" .
   [2 0 0 0 0 0])
  ("cnt_cleartot" .
   [0 0 0 0 0 0 0 0 1 0 0 0])
  ("the" .
   [11 0 0])
  ("reset0" .
   [3 0 0 0 0 0])
  ("reset1" .
   [2 0 0 0 0 0])
  ("std_logic_vector" .
   [0 0 0 0 0 0 1 0 0 0 0 0 0 0 0 0])
  ("cntreset" .
   [3 0 0 0 0 0 0 0])
  ("timestamp" .
   [1 0 0 0 0 0 0 0 0])
  ("status0" .
   [3 0 0 0 0 0 0])
  ("testmode231" .
   [1 0 0 0 0 0 0 0 0 0 0])
  ("testmode232" .
   [1 0 0 0 0 0 0 0 0 0 0])
  ("testmode233" .
   [1 0 0 0 0 0 0 0 0 0 0])
  ("testmode234" .
   [1 0 0 0 0 0 0 0 0 0 0])
  ("-xvzf" .
   [1 0 0 0 0])
  ("veto" .
   [3 0 0 0])
  ("hbusy" .
   [1 0 0 0 0])
  ("add_cntlt" .
   [3 0 0 0 0 0 0 0 0])
  ("end_cntlt" .
   [3 0 0 0 0 0 0 0 0])
  ("cntlt" .
   [4 0 0 0 0])
  ("add_flaglt" .
   [3 0 0 0 0 0 0 0 0 0])
  ("histogramsource_1" .
   [5 0 0 0 0 0 0 0 0 0 0 0 0 0 0 0 0])
  ("elsif" .
   [0 0 1 0 1])
  ("timestamp1" .
   [5 0 0 0 0 0 0 0 0 0])
  ("timestamp0" .
   [4 0 0 0 0 0 0 0 0 0])
  ("din1" .
   [4 0 0 0])
  ("din2" .
   [12 0 0 0])
  ("cnt_din1" .
   [5 0 0 0 0 0 0 0])
  ("cnt_din2" .
   [4 0 0 0 0 0 0 0])
  ("risedin2" .
   [3 0 0 0 0 0 0 0])
  ("paramset" .
   [0 0 0 0 0 0 0 1])
  ("parameter" .
   [0 0 0 0 0 0 1 0 0])
  ("wushixu3" .
   [0 0 0 0 0 1 0 0])
  ("user_clk" .
   [1 0 0 0 0 1 0 0])
  ("h90" .
   [5 0 0])
  ("h92" .
   [1 0 0])
  ("h91" .
   [1 0 0])
  ("tmp_histogram" .
   [0 0 0 0 1 0 0 0 0 0 0 0 0])
  ("histogram1d" .
   [4 0 0 0 0 0 0 0 0 0 0])
  ("histdata" .
   [1 0 0 0 0 0 0 0])
  ("clk50" .
   [1 0 0 0 0])
  ("hist1" .
   [6 0 0 0 0])
  ("hist2" .
   [5 0 0 0 0])
  ("sig" .
   [1 0 0])
  ("addr2" .
   [2 0 0 0 0])
  ("temp_reg2" .
   [2 0 0 0 0 0 0 0 0])
  ("temp_reg1" .
   [5 0 0 0 0 0 0 0 0])
  ("addr1" .
   [0 0 0 1 0])
  ("timehist" .
   [2 0 0 0 0 0 0 0])))
